$ANSIBLE_VAULT;1.1;AES256
31373438303433333638306362346666396563633465343235646436623362663863663637653433
6461663265353332353932613831396261333437633338300a633130363964366439343361376365
31353632613635366263353365613961646236383161356563653638333330393437643837343166
3465346261346338630a643965646234383532653031393831313263613939376363373663633361
37666335313037343365386563306136666539316266306166613635346130356466353037303237
30393062613462633165616532633064323337333362343734333562646633346161353063353231
35373436666463353163363835643766313366303163373636343131386233346635663165336539
66386362666463383034343030323761313138346364356164633865653566663066386462346238
38303735323265383730626261636436373930376336313530373931663533646136613038323265
65363530326164303831613063333135633863636166663961313662336530396233363535366431
66316464343531333335396663373436633136396661353135643232393161633938323163396230
39353138386230353238626466643234363362333737653531313061313362343539313430383235
62393133373239633630333930393366393561666534373839366432636237616337366661343364
30356431346564663863303333303461386130363634373161303538653539343235666666623236
62653737383633346139623132623334306539383465393165666463333230666636306239386134
31303862323435663965346264653062656438313238363131343134643732666332303361383139
63353664326265366262623662666631353635376234343133306231323833363430386563363133
33626633363265623530636230376264626532383165663262303835376464663037353866313864
37316238633261376138386635363762323061626530313534386566616132333361393462363138
37616335363438313633323936396361646331353239366366313032303430613538653132306465
63353066633730643963313133353435663336373464333264333639353565613938633230643130
34393931303434373261333333313661643730323661643763623462383064396237373434623434
39383832616434396135346635623434316338633936626165313737363531306361333437393266
34333231333138336361383934396464346661616265306666396638653862343461383333303734
65326162393432316134616662383365376663643464396537393266313861333233373936623033
31363832363334306436656431653333323731623431653831623964653732346138353065623437
66386533343063353737643030303038633139306535646431333435343164373931383133343566
36656334363863656132356162616464653662353165636162383930363533623864386632336163
63656330306132336366333665363432333739346636613231653133393839353831313532353966
63336537663036656137353861396135343565323564313039386239353062323837633335373637
37336466643465616537356465656364623962313265303164383935336661633734306533396137
31363837646363333161613934383266643439663037666432353535643362623132303133393134
38313239373435323238633263316439386634383062343663373463366638666135623231636665
65306531366334323830613135613937656665346362346238633833633133383761626437343739
33393631306264303733336137616433343764396536663934363466366234656231393562643636
31663964393664333439333335356231333231373132376564303032363436613964303833323236
34313435616261613138626633633035323136343034356664396336633430356531643835376466
36323438373939343865666563303531623863653939633963633632646231663862303261613031
31373535663962626365363465646464376465613463653165656330393736643039353363373630
37343330373237326163353561626662303062663439646531353238363538333264626337343265
37303864636433303065613137626166383939383463333635376335666461386530323166343037
36316637356235613638383334333738646166646435343833656333396264623131316563353335
30613366623061326362373236666538663832663661356436323164396233336530326433616666
64323563663833323438333465333339326237663936353665356535383434643964363831666636
66356638363132303236346234313330663335313134646266313237393163666531313732623132
38363066363461613636313930666635653434326134646536336639313531613135383664363933
64643334393763623837326138396337373966646364393632303533646536623563353935306166
63306239636361643630373463393237393462363762666638353234376235383832386561353839
38633464303862336463343762623332373639306361313566383330326635393030343865663336
37633462346437623030643937656135353237626164323136303036303936396661363664373736
33343063316361313535666531333036643264666536373937643037313335383466343765363533
36346365356364613335326331336636663266356437326361303039363534386364386139346632
35313231313032663266663937643336393638393535313330333139353933623533313833376464
36323466386434616532393938313338363939363630303132316566303465356166376662333932
37333732663463386239613934346133656235396135336261306630633437313537666566313736
34653431623639623739373531373962653038303563336336343165303135313463653636636639
33646534386534353132613139666139373339346163653338646233383137333033313437613066
31346465333664643133643239363561623064313462643537613931303732306636616165326165
39626663643636313330316464643534633336303037323437623666333031623466373737626632
36343635316132313664373664303862646635663161623332613765323964373032636462636663
39393033633837313335363436336536333230373235393434643534343433363835383762393034
34353337356331323162303035393063336165613639303335313630363137346566623861666236
63303436376336623662313365336661616562633335633763343232363766323632396132386361
36323663353634613238666261373336333632633235373633353833366438643233666639366164
32383638373432313766303635303137393862656533353361333461666539613862386436396435
63663231326664313134656666656138303739643033383838313537326338333063306432393236
35656436353530353030383330383732356638663737336535326334623132346461313031613536
36353734383363343163373030366466303165323037373639393162373633396338653631623438
64333661366365393234646662656636623534356161393135396636373363666237613039626465
37633463396166663937636365306666323333626166626635636633313163613063333131306363
64376561623162313266376662613763643564656431303866363631363665373563343731383666
39623361646139313933306332653061643236653733383235313832663965616438666331663365
61343831353663613234656562333932636135303066313535613165353462636139303631323437
35633264363938653533323530383461636561386230326465353931323333616431353839643933
61653930343963653036346362306638376439613334626335633139656338643635316566626366
62313761326436316632346466333233386230336163666562303238313831346537616262303763
61366166333565656138386664643134333463313364356563363862663335306633353664356432
32613561323632393536306337353639313433393431656161356363343563663566353239633733
33323236396164653732636138303338336533363736653762623839303364306236626566323033
34336537646532616234313764343333373735626633653264663137343632666633343631323732
62643736623236643538653231386431316363343565613538366332386437356235316136303166
30373464343661383462333961383766666437656566336435343834613936386663396666376438
63313562396363343465373964636333326634313431666332666639326330623639323238303537
64393234396262343862396532656236373363326163316161313233643762353733376530636338
33373961343465396665646238666466666161393338623332666230346431326434353836373730
33356662313066366332663565333739613038383365383530393065613634623639633131353532
61323965303236316630653533386339633133323434646538356439646133353764313537373930
62366137376631666364616535326462336132353337623034623565316463633036653730643538
39656537303137353132613863383461343438323862343066343933356639666666346438363863
61386161316563666235346538656631353337356433636266316338393264303538656238343162
63323261316633303437623831373738303664346230643731666561353335386561306661356566
66323762383362663339333764323232633039623536383865643932306237666535656535306330
61363664356462646435663631646466393638666561613132333564613236306563323436346334
64646363396637623531663236633636336565303537383333363830336534383230666237333030
64666562643737636231383737616561363834376331636531393362366131663235343539363562
37333635313361363830303533653530303536626361663838303864373431356236326163643465
65303730323763363635356338306138313162656233333438333832663631616530653466633238
31353466336338386336643235323265303337356264646235303766313030373737396332633661
35333961633836326662633539336661633630376166623165373539623565343063326633383661
32663732616465666362613930373265313135323239366262376437396338346465643338663138
64376535316437396230326439356563663437353138356338643466356331313230636466623935
62313636613661343531666539623037373436383137323738376662323461653363623966646437
31646433636137313131356363313036386434663964333664353436623334306663663938623832
36326362663637366237393762623138646166303566333566313737336639343065333530663461
66353333373335353931613132623632613137356632356634383663333934636466363531336661
39373038393236613565343237626364393337623838353466633930396161626264333666393436
64333033646237373163396639323831333866643336316534653931613635386565623763343961
61333232333364653861376531636637323634353263326431326465343731646561356364303935
62653939656563323732383534313139396161616337643734613266353131323666623364383636
38646337356232633662336630336130653130643066366639386533643634653031363930666636
36343765366462333264623938636666613063393464613436653336646661333132663861656233
30633232393762376130363861646134646632353665306337623333646535653232343037353934
63663235666533303131666235383532313537353836323434326532306332623231636534363439
33373232663535323063653565633962636333353434616132336164353865653038353131613735
39343136336634306534393836336366373733636636626334663933366366366234623766633638
64313465316561643637313432663434366662623833336135303037333130383735636235643039
35643933316331326166353935366138646263613764623130376463303331366533616262336435
32386337656566303665383365653061353739653365353666623632656664313964396339336531
37323030333432623538353635616132313663336131396461666233303362633362356661643566
35376366656137373538353230376231633039306464646266313234636331643762646231663532
38363066356534333932383061303865636665633331373966393962356263653466386263303238
37613563346436633539346434323931633131626531376533383134646263393065316230323238
61333664643439346430616630313064353935616238363038393565386561363536386361656132
31633534323639663537326632336130353639663836633033313737653531643031316334613764
32376631316132616237626364663861626337353932373139623266306436646565393138656134
30333737363536633962353630393362653261303832633238383461616634623437393239663135
39363236653135396135356664343533366235393562376335393935656133633164323237343539
36373635643734313862616131313664393332393334643463643335623333613065643162356537
64393032386165626231363137633164663461376565353062613237383136393736353932636138
30646433643936303761653163373635643662613332323430656533633530343266616135393530
34376230386537636139353564373362303661373638663735303534373163313864363635626332
66303461616538353963313331356536343963343833363364346130653162376238373162356262
36656537356635346463656463636366383333633037393737333135396266336231393935366461
39333438613366643438303138323937353564396133356131303163653332656635666336333862
64333532316463303337356631346639346663633734663864326262653865393336323831393234
31626266633238336234356433386362343532616566653362383631313739613535613363313537
33393463336130636165363862636266613765393465613539343263356438383463353630336134
65356538333632613665656634333634613032323764333262373732643439613038633163393230
66343331646561373538643238353131656663336265333833633862383239393530663837393062
62383061373265356564383263663838373739386634656134363766333866386135656536643435
64366432616639643530343161396636373337363362393762376630323633323966343661386635
66356238666333343637313031646336633765343030643832303338393132343933303934383130
36636663623663616635346533646538663763653862376638396137303730303863336365626161
64656462636466623762376637623861393364336230346164613566366663663031333932366631
30353233636166376137306366363163353564306564613163393433333430393665343666623838
31393265363532373965636362623934326438333134356335613464363637363932613363613437
38393234663666306461323637373438336630626538616361656262386337643632303163623336
61376134656539316436613630653261643633373934343136356266343838623361363361613031
34626136666133363437323139626135393034633931306263386133356435383566636630393665
38336262373435333866353832323561666231613763656139613665303930366134343734303930
64666239363434363934366664306662653534363630383631376137386365373732313366316537
35316230653861326462656163356164633661343635663835633762633030613230393265336430
30663466316137383363353537383466626637373761366635383066366365623735613835613539
37363163613563303035653433613234653965643730616436643666663733346162383631633632
35633131313835653339346364333236366331353664303332623130393932303962313737353735
65373464346532646630656236616362636138363936333363663635383738636531366630316664
39303464633965396135363037393238343432343462396533363764653362313539353335373835
32643934643661333036316432636264643062396465323937326538333831343965656636633632
62326138383333646435613830316239623136636433623934313636343237376138323437643236
64363532363236623738613164343461643038363530373764303266353637616538363366666261
31666130643563616539343163663563613734333563343934653637636264633737623366393062
64396436303339653438383762383461383130306166383461306564323964393536626531303432
62363665663937363163393030316431393463636666326662633835343462666637363236373039
34393733363636663539396133383466303039623732323062353663323964653433393232656166
33663134326336653861346137646637333434363132393565643561653436643464343832316532
63316539613230656134376338656230306132616438303232353030613631323431333065663037
38633663353033313337303464353763656338356234353961346235346339336335626538333763
39353932643139386161646362333233316164333163346162363565623237663439656264613132
65376238656162396239653536643738343839396464346632363561373162353061353632353831
61393639373464626366613763313666303531383863393138353535626138326238386633323836
64303837656238343738383664313031393665336363353638363735613363613536663933373035
30383432653438623765613535373663323537343332353463646333633066353338366638653438
64626433363635376664346435626432373839316337313637666666646434653131
